80.0
44.0
16.0
80.0
33.0
44.0
44.0
33.0
33.0
33.0
33.0
33.0
33.0
33.0
33.0
33.0
33.0
33.0
33.0
33.0
33.0
33.0
33.0
33.0
33.0
33.0
33.0
33.0
33.0
33.0
33.0
33.0
78.0
57.0
43.0
43.0
43.0
72.0
41.0
41.0
89.0
68.0
38.0
38.0
38.0
72.0
38.0
38.0
39.0
102.0
76.0
39.0
39.0
98.0
98.0
72.0
54.0
54.0
54.0
40.0
65.0
40.0
79.0
98.0
40.0
98.0
40.0
98.0
97.0
54.0
54.0
54.0
54.0
54.0
54.0
54.0
54.0
54.0
54.0
54.0
54.0
49.0
38.0
49.0
38.0
49.0
38.0
49.0
38.0
41.0
54.0
54.0
54.0
54.0
54.0
54.0
54.0
54.0
54.0
49.0
38.0
54.0
41.0
94.0
94.0
64.0
94.0
54.0
54.0
54.0
41.0
93.0
54.0
54.0
41.0
93.0
54.0
41.0
93.0
62.0
62.0
94.0
54.0
41.0
62.0
62.0
62.0
62.0
54.0
54.0
41.0
94.0
54.0
54.0
41.0
62.0
62.0
54.0
54.0
54.0
41.0
54.0
54.0
49.0
38.0
38.0
38.0
31.0
41.0
54.0
41.0
54.0
54.0
54.0
41.0
54.0
54.0
41.0
63.0
54.0
54.0
54.0
41.0
54.0
54.0
38.0
54.0
54.0
54.0
49.0
38.0
33.0
38.0
39.0
38.0
40.0
40.0
40.0
63.0
66.0
102.0
100.0
100.0
99.0
93.0
93.0
100.0
100.0
100.0
100.0
102.0
99.0
100.0
100.0
100.0
100.0
100.0
100.0
100.0
100.0
100.0
100.0
100.0
100.0
100.0
100.0
100.0
100.0
100.0
100.0
100.0
99.0
99.0
100.0
99.0
99.0
99.0
100.0
100.0
100.0
100.0
100.0
100.0
100.0
100.0
100.0
100.0
100.0
100.0
100.0
100.0
100.0
100.0
100.0
100.0
100.0
100.0
100.0
101.0
100.0
100.0
100.0
100.0
100.0
100.0
100.0
100.0
101.0
99.0
99.0
100.0
99.0
99.0
100.0
100.0
97.0
98.0
97.0
100.0
103.0
101.0
101.0
105.0
101.0
102.0
103.0
103.0
103.0
44.0
106.0
105.0
105.0
105.0
105.0
103.0
96.0
102.0
105.0
103.0
100.0
100.0
73.0
101.0
99.0
101.0
102.0
103.0
100.0
98.0
99.0
102.0
102.0
102.0
102.0
102.0
102.0
102.0
102.0
102.0
91.0
105.0
100.0
100.0
103.0
105.0
104.0
78.0
102.0
101.0
103.0
103.0
78.0
103.0
102.0
100.0
103.0
103.0
78.0
101.0
103.0
103.0
103.0
101.0
96.0
92.0
89.0
89.0
85.0
91.0
84.0
81.0
80.0
75.0
49.0
38.0
35.0
35.0
31.0
30.0
30.0
30.0
30.0
33.0
35.0
35.0
35.0
35.0
35.0
35.0
35.0
35.0
35.0
70.0
40.0
37.0
26.0
38.0
26.0
38.0
32.0
19.0
19.0
19.0
13.0
13.0
13.0
13.0
13.0
14.0
19.0
13.0
13.0
13.0
13.0
16.0
13.0
13.0
13.0
14.0
16.0
13.0
13.0
12.0
16.0
13.0
12.0
12.0
12.0
15.0
16.0
18.0
17.0
15.0
12.0
15.0
12.0
15.0
12.0
15.0
12.0
15.0
12.0
12.0
15.0
12.0
15.0
12.0
15.0
12.0
12.0
15.0
10.0
11.0
11.0
11.0
10.0
11.0
15.0
10.0
11.0
11.0
10.0
11.0
15.0
10.0
11.0
11.0
11.0
10.0
15.0
10.0
11.0
11.0
15.0
10.0
11.0
10.0
11.0
11.0
10.0
15.0
10.0
11.0
11.0
11.0
10.0
15.0
10.0
11.0
11.0
15.0
10.0
11.0
10.0
11.0
11.0
10.0
15.0
10.0
11.0
11.0
10.0
15.0
10.0
11.0
11.0
11.0
10.0
15.0
10.0
11.0
11.0
10.0
15.0
10.0
11.0
11.0
10.0
11.0
15.0
10.0
11.0
10.0
11.0
15.0
10.0
11.0
10.0
11.0
15.0
10.0
11.0
10.0
11.0
11.0
10.0
15.0
10.0
11.0
10.0
11.0
15.0
10.0
11.0
10.0
11.0
10.0
15.0
10.0
11.0
11.0
10.0
15.0
10.0
11.0
10.0
11.0
15.0
10.0
11.0
10.0
11.0
10.0
11.0
15.0
10.0
10.0
11.0
11.0
10.0
11.0
10.0
15.0
10.0
11.0
10.0
11.0
11.0
10.0
15.0
10.0
10.0
11.0
10.0
11.0
15.0
10.0
10.0
11.0
11.0
10.0
11.0
10.0
15.0
10.0
10.0
11.0
10.0
11.0
10.0
11.0
15.0
10.0
10.0
11.0
10.0
11.0
10.0
15.0
10.0
10.0
11.0
10.0
11.0
10.0
11.0
10.0
15.0
10.0
10.0
11.0
10.0
11.0
10.0
10.0
11.0
10.0
15.0
10.0
10.0
11.0
10.0
11.0
10.0
11.0
10.0
10.0
15.0
10.0
10.0
11.0
10.0
10.0
11.0
10.0
10.0
11.0
10.0
15.0
10.0
10.0
10.0
11.0
10.0
10.0
11.0
10.0
10.0
11.0
10.0
10.0
11.0
10.0
10.0
15.0
10.0
10.0
10.0
10.0
11.0
10.0
10.0
10.0
11.0
10.0
10.0
11.0
10.0
10.0
10.0
10.0
11.0
10.0
10.0
10.0
11.0
10.0
10.0
10.0
11.0
10.0
10.0
10.0
10.0
11.0
10.0
10.0
10.0
10.0
10.0
11.0
10.0
10.0
10.0
10.0
11.0
10.0
10.0
10.0
10.0
10.0
10.0
11.0
10.0
10.0
10.0
10.0
10.0
11.0
9.0
10.0
10.0
10.0
10.0
10.0
11.0
9.0
10.0
10.0
10.0
10.0
10.0
10.0
11.0
9.0
10.0
10.0
10.0
10.0
10.0
10.0
11.0
9.0
10.0
10.0
10.0
10.0
10.0
10.0
10.0
11.0
9.0
9.0
10.0
10.0
10.0
10.0
10.0
10.0
11.0
9.0
10.0
10.0
10.0
10.0
10.0
10.0
10.0
10.0
11.0
9.0
10.0
10.0
10.0
10.0
10.0
10.0
10.0
11.0
9.0
9.0
10.0
10.0
10.0
10.0
10.0
10.0
10.0
11.0
9.0
10.0
10.0
10.0
10.0
10.0
10.0
10.0
10.0
11.0
9.0
10.0
10.0
10.0
10.0
10.0
10.0
10.0
11.0
9.0
9.0
10.0
10.0
10.0
10.0
10.0
10.0
11.0
9.0
9.0
10.0
10.0
10.0
10.0
10.0
10.0
11.0
9.0
9.0
10.0
10.0
10.0
10.0
10.0
10.0
10.0
11.0
9.0
10.0
10.0
10.0
10.0
10.0
10.0
10.0
11.0
9.0
9.0
10.0
10.0
10.0
10.0
10.0
10.0
11.0
9.0
10.0
10.0
10.0
10.0
10.0
10.0
10.0
11.0
9.0
10.0
10.0
10.0
10.0
10.0
10.0
11.0
9.0
9.0
10.0
10.0
10.0
10.0
10.0
11.0
9.0
10.0
10.0
10.0
10.0
10.0
10.0
10.0
11.0
9.0
10.0
10.0
10.0
10.0
10.0
10.0
11.0
9.0
10.0
10.0
10.0
10.0
10.0
10.0
11.0
9.0
10.0
10.0
10.0
10.0
10.0
11.0
9.0
10.0
10.0
10.0
10.0
10.0
10.0
11.0
9.0
10.0
10.0
10.0
10.0
10.0
11.0
9.0
10.0
10.0
10.0
10.0
10.0
11.0
10.0
10.0
10.0
10.0
10.0
10.0
11.0
10.0
10.0
10.0
10.0
10.0
10.0
11.0
10.0
10.0
10.0
10.0
10.0
11.0
9.0
10.0
10.0
10.0
10.0
11.0
10.0
10.0
10.0
10.0
10.0
11.0
10.0
10.0
10.0
10.0
10.0
11.0
10.0
10.0
10.0
10.0
10.0
11.0
10.0
10.0
10.0
10.0
10.0
11.0
10.0
10.0
10.0
10.0
11.0
10.0
10.0
10.0
10.0
11.0
10.0
10.0
10.0
10.0
11.0
10.0
10.0
10.0
11.0
10.0
10.0
10.0
10.0
11.0
10.0
10.0
10.0
11.0
10.0
10.0
10.0
10.0
11.0
10.0
10.0
10.0
11.0
10.0
10.0
11.0
10.0
10.0
10.0
11.0
10.0
10.0
10.0
11.0
10.0
10.0
11.0
10.0
10.0
10.0
11.0
10.0
10.0
11.0
10.0
10.0
11.0
10.0
10.0
11.0
10.0
11.0
10.0
10.0
11.0
10.0
11.0
10.0
10.0
11.0
10.0
11.0
10.0
10.0
11.0
10.0
11.0
10.0
11.0
10.0
11.0
10.0
11.0
11.0
10.0
11.0
10.0
11.0
11.0
10.0
11.0
11.0
11.0
10.0
11.0
11.0
11.0
11.0
11.0
11.0
11.0
11.0
11.0
11.0
11.0
11.0
12.0
11.0
12.0
11.0
12.0
12.0
11.0
12.0
12.0
12.0
12.0
11.0
12.0
12.0
12.0
12.0
12.0
12.0
12.0
12.0
12.0
12.0
12.0
12.0
12.0
12.0
12.0
12.0
12.0
12.0
12.0
12.0
12.0
12.0
12.0
12.0
12.0
12.0
12.0
12.0
12.0
13.0
13.0
13.0
13.0
13.0
15.0
13.0
13.0
15.0
13.0
15.0
13.0
13.0
15.0
13.0
15.0
13.0
15.0
13.0
15.0
13.0
15.0
13.0
15.0
13.0
15.0
13.0
15.0
13.0
15.0
15.0
13.0
15.0
13.0
15.0
15.0
13.0
15.0
15.0
13.0
15.0
15.0
13.0
15.0
15.0
13.0
28.0
28.0
28.0
19.0
19.0
19.0
19.0
19.0
19.0
19.0
19.0
19.0
19.0
19.0
19.0
19.0
19.0
19.0
19.0
19.0
19.0
19.0
19.0
19.0
19.0
23.0
20.0
20.0
20.0
20.0
23.0
30.0
31.0
35.0
37.0
35.0
37.0
36.0
36.0
37.0
55.0
55.0
84.0
86.0
100.0
99.0
105.0
105.0
108.0
106.0
106.0
103.0
107.0
104.0
104.0
103.0
104.0
103.0
107.0
105.0
107.0
105.0
105.0
106.0
105.0
105.0
96.0
96.0
97.0
95.0
102.0
105.0
104.0
103.0
102.0
99.0
98.0
92.0
98.0
92.0
91.0
76.0
77.0
77.0
93.0
92.0
94.0
92.0
100.0
96.0
103.0
97.0
95.0
96.0
77.0
100.0
100.0
77.0
101.0
94.0
96.0
92.0
77.0
93.0
101.0
99.0
94.0
92.0
105.0
105.0
105.0
107.0
106.0
106.0
100.0
94.0
104.0
101.0
96.0
92.0
90.0
77.0
101.0
96.0
103.0
97.0
94.0
92.0
97.0
90.0
91.0
103.0
99.0
96.0
96.0
99.0
96.0
103.0
101.0
95.0
100.0
97.0
96.0
100.0
96.0
95.0
103.0
97.0
92.0
92.0
95.0
92.0
96.0
96.0
77.0
103.0
96.0
99.0
77.0
90.0
90.0
90.0
90.0
90.0
87.0
105.0
100.0
106.0
96.0
91.0
84.0
84.0
84.0
84.0
76.0
79.0
75.0
73.0
73.0
72.0
69.0
68.0
66.0
72.0
66.0
65.0
63.0
63.0
61.0
68.0
63.0
60.0
58.0
65.0
63.0
72.0
61.0
72.0
70.0
72.0
71.0
71.0
70.0
71.0
70.0
71.0
71.0
49.0
71.0
71.0
71.0
71.0
70.0
71.0
72.0
72.0
72.0
72.0
101.0
101.0
101.0
85.0
73.0
73.0
73.0
72.0
72.0
82.0
72.0
76.0
85.0
85.0
85.0
85.0
85.0
85.0
85.0
85.0
85.0
85.0
85.0
85.0
85.0
85.0
85.0
85.0
101.0
84.0
101.0
101.0
101.0
101.0
85.0
101.0
101.0
101.0
94.0
101.0
103.0
85.0
101.0
101.0
101.0
103.0
103.0
103.0
94.0
101.0
101.0
101.0
101.0
102.0
94.0
101.0
101.0
101.0
103.0
85.0
101.0
101.0
103.0
103.0
101.0
103.0
103.0
101.0
103.0
103.0
101.0
103.0
103.0
101.0
101.0
103.0
103.0
103.0
101.0
101.0
103.0
103.0
101.0
103.0
101.0
101.0
103.0
103.0
101.0
101.0
101.0
103.0
103.0
101.0
71.0
70.0
68.0
39.0
39.0
40.0
36.0
36.0
36.0
18.0
34.0
34.0
34.0
34.0
35.0
34.0
35.0
35.0
34.0
35.0
35.0
40.0
40.0
40.0
40.0
39.0
40.0
40.0
40.0
39.0
40.0
40.0
40.0
39.0
41.0
41.0
41.0
41.0
41.0
41.0
41.0
41.0
41.0
41.0
61.0
47.0
45.0
47.0
52.0
52.0
52.0
47.0
95.0
42.0
18.0
40.0
41.0
40.0
40.0
40.0
40.0
40.0
41.0
41.0
41.0
43.0
43.0
41.0
42.0
105.0
41.0
42.0
42.0
43.0
113.0
40.0
42.0
40.0
40.0
41.0
41.0
41.0
42.0
42.0
46.0
63.0
44.0
33.0
33.0
19.0
33.0
33.0
33.0
33.0
33.0
33.0
33.0
33.0
33.0
105.0
41.0
90.0
61.0
48.0
41.0
89.0
41.0
40.0
90.0
61.0
61.0
60.0
69.0
112.0
38.0
115.0
112.0
116.0
39.0
38.0
38.0
37.0
37.0
37.0
37.0
37.0
37.0
37.0
118.0
38.0
37.0
37.0
37.0
37.0
37.0
37.0
37.0
37.0
37.0
37.0
37.0
37.0
37.0
37.0
37.0
21.0
18.0
37.0
107.0
71.0
114.0
39.0
37.0
37.0
37.0
37.0
37.0
37.0
37.0
37.0
37.0
37.0
37.0
37.0
37.0
37.0
20.0
37.0
71.0
39.0
38.0
38.0
38.0
38.0
38.0
38.0
38.0
38.0
38.0
32.0
30.0
29.0
26.0
23.0
23.0
21.0
21.0
21.0
19.0
21.0
21.0
19.0
19.0
17.0
19.0
17.0
21.0
21.0
21.0
19.0
21.0
21.0
21.0
19.0
21.0
21.0
21.0
18.0
21.0
21.0
21.0
18.0
21.0
21.0
21.0
21.0
19.0
21.0
21.0
21.0
19.0
21.0
21.0
21.0
21.0
19.0
21.0
21.0
21.0
21.0
19.0
21.0
19.0
20.0
19.0
18.0
18.0
18.0
14.0
14.0
13.0
13.0
13.0
13.0
13.0
12.0
12.0
12.0
12.0
12.0
11.0
11.0
10.0
10.0
10.0
9.0
10.0
10.0
9.0
9.0
9.0
9.0
9.0
9.0
9.0
9.0
9.0
9.0
9.0
9.0
9.0
9.0
9.0
9.0
9.0
9.0
10.0
9.0
10.0
9.0
10.0
9.0
9.0
10.0
9.0
10.0
9.0
10.0
9.0
10.0
10.0
10.0
10.0
10.0
10.0
10.0
10.0
10.0
10.0
10.0
10.0
10.0
9.0
10.0
9.0
10.0
10.0
9.0
10.0
10.0
10.0
10.0
10.0
10.0
10.0
10.0
10.0
10.0
10.0
9.0
10.0
10.0
10.0
10.0
10.0
10.0
10.0
10.0
10.0
10.0
10.0
10.0
10.0
10.0
9.0
10.0
10.0
10.0
10.0
10.0
10.0
10.0
10.0
10.0
10.0
10.0
10.0
10.0
10.0
10.0
10.0
10.0
10.0
10.0
10.0
10.0
9.0
10.0
10.0
10.0
11.0
11.0
11.0
11.0
11.0
11.0
11.0
11.0
11.0
11.0
11.0
11.0
11.0
11.0
11.0
11.0
11.0
11.0
11.0
11.0
10.0
11.0
11.0
11.0
11.0
11.0
11.0
11.0
11.0
11.0
11.0
11.0
11.0
10.0
11.0
11.0
11.0
11.0
11.0
11.0
11.0
11.0
11.0
11.0
11.0
11.0
11.0
11.0
10.0
11.0
11.0
11.0
11.0
11.0
11.0
11.0
11.0
11.0
11.0
11.0
11.0
11.0
11.0
11.0
11.0
11.0
11.0
11.0
11.0
11.0
11.0
11.0
11.0
11.0
11.0
11.0
11.0
11.0
11.0
11.0
11.0
11.0
11.0
11.0
11.0
11.0
11.0
11.0
11.0
11.0
11.0
11.0
11.0
11.0
11.0
11.0
11.0
11.0
11.0
11.0
11.0
11.0
11.0
11.0
11.0
11.0
11.0
11.0
11.0
11.0
11.0
11.0
11.0
11.0
11.0
11.0
11.0
11.0
11.0
11.0
11.0
11.0
11.0
11.0
11.0
11.0
11.0
11.0
11.0
11.0
11.0
11.0
11.0
11.0
11.0
11.0
11.0
11.0
11.0
11.0
11.0
11.0
11.0
11.0
11.0
11.0
11.0
11.0
11.0
11.0
11.0
11.0
11.0
11.0
11.0
11.0
11.0
11.0
11.0
11.0
11.0
11.0
11.0
11.0
11.0
11.0
11.0
11.0
11.0
11.0
11.0
11.0
11.0
11.0
11.0
11.0
11.0
11.0
11.0
11.0
11.0
11.0
11.0
11.0
11.0
11.0
11.0
11.0
11.0
11.0
11.0
138.0
33.0
26.0
26.0
23.0
33.0
33.0
33.0
33.0
33.0
33.0
33.0
33.0
33.0
33.0
33.0
33.0
33.0
33.0
33.0
28.0
70.0
77.0
75.0
67.0
41.0
41.0
58.0
55.0
64.0
62.0
70.0
62.0
62.0
68.0
62.0
68.0
68.0
64.0
64.0
64.0
66.0
39.0
72.0
67.0
66.0
35.0
66.0
35.0
66.0
35.0
35.0
67.0
35.0
66.0
33.0
35.0
36.0
80.0
64.0
63.0
87.0
63.0
71.0
40.0
79.0
79.0
79.0
97.0
54.0
54.0
54.0
54.0
54.0
54.0
54.0
54.0
54.0
54.0
54.0
38.0
54.0
54.0
54.0
54.0
54.0
54.0
54.0
54.0
54.0
54.0
54.0
54.0
41.0
94.0
54.0
54.0
54.0
54.0
41.0
77.0
94.0
94.0
94.0
94.0
93.0
42.0
93.0
16.0
16.0
16.0
16.0
16.0
16.0
16.0
16.0
16.0
16.0
16.0
16.0
16.0
16.0
16.0
16.0
16.0
16.0
16.0
16.0
16.0
16.0
16.0
16.0
13.0
13.0
13.0
13.0
15.0
15.0
15.0
17.0
17.0
15.0
14.0
14.0
14.0
14.0
14.0
14.0
14.0
15.0
14.0
14.0
14.0
14.0
14.0
15.0
14.0
15.0
14.0
14.0
14.0
14.0
14.0
15.0
14.0
15.0
14.0
15.0
14.0
14.0
14.0
15.0
15.0
14.0
15.0
14.0
15.0
15.0
14.0
15.0
15.0
14.0
15.0
15.0
14.0
15.0
15.0
15.0
14.0
15.0
15.0
14.0
15.0
15.0
15.0
15.0
15.0
15.0
16.0
16.0
17.0
17.0
17.0
17.0
17.0
18.0
18.0
18.0
18.0
18.0
18.0
18.0
18.0
18.0
18.0
17.0
18.0
18.0
18.0
18.0
18.0
18.0
18.0
18.0
18.0
18.0
18.0
18.0
18.0
18.0
18.0
18.0
17.0
17.0
16.0
16.0
15.0
15.0
15.0
15.0
15.0
12.0
15.0
15.0
15.0
13.0
12.0
15.0
15.0
15.0
12.0
15.0
15.0
15.0
13.0
12.0
15.0
15.0
13.0
12.0
13.0
12.0
18.0
23.0
23.0
23.0
26.0
23.0
27.0
27.0
27.0
27.0
27.0
27.0
27.0
27.0
27.0
27.0
27.0
27.0
27.0
27.0
27.0
26.0
23.0
21.0
18.0
21.0
18.0
23.0
23.0
21.0
18.0
23.0
23.0
23.0
21.0
18.0
23.0
23.0
23.0
21.0
18.0
31.0
31.0
31.0
31.0
29.0
30.0
31.0
31.0
29.0
23.0
18.0
29.0
31.0
31.0
31.0
30.0
30.0
30.0
29.0
29.0
29.0
23.0
18.0
29.0
31.0
31.0
31.0
30.0
30.0
29.0
29.0
21.0
16.0
19.0
18.0
18.0
18.0
16.0
18.0
18.0
16.0
18.0
18.0
16.0
18.0
18.0
16.0
18.0
18.0
16.0
18.0
18.0
16.0
18.0
18.0
16.0
18.0
18.0
16.0
18.0
18.0
16.0
18.0
18.0
16.0
18.0
18.0
16.0
18.0
18.0
16.0
18.0
18.0
16.0
18.0
18.0
16.0
18.0
18.0
16.0
18.0
18.0
18.0
16.0
18.0
18.0
18.0
16.0
18.0
18.0
18.0
16.0
18.0
18.0
18.0
16.0
18.0
18.0
18.0
16.0
18.0
18.0
18.0
16.0
18.0
18.0
18.0
18.0
16.0
18.0
18.0
18.0
18.0
16.0
18.0
18.0
18.0
18.0
18.0
16.0
18.0
18.0
18.0
18.0
18.0
18.0
16.0
18.0
18.0
18.0
18.0
16.0
18.0
18.0
18.0
18.0
18.0
18.0
18.0
18.0
18.0
18.0
21.0
21.0
21.0
21.0
21.0
21.0
21.0
21.0
21.0
21.0
21.0
21.0
21.0
21.0
21.0
21.0
21.0
21.0
21.0
21.0
21.0
21.0
21.0
21.0
21.0
21.0
21.0
21.0
21.0
21.0
21.0
21.0
21.0
21.0
21.0
21.0
21.0
21.0
21.0
21.0
21.0
21.0
21.0
21.0
21.0
21.0
21.0
21.0
21.0
21.0
21.0
21.0
21.0
21.0
21.0
21.0
21.0
21.0
21.0
21.0
21.0
21.0
21.0
21.0
21.0
21.0
21.0
21.0
21.0
21.0
21.0
21.0
21.0
21.0
21.0
21.0
21.0
21.0
21.0
21.0
21.0
21.0
21.0
21.0
21.0
21.0
21.0
21.0
21.0
21.0
21.0
21.0
21.0
21.0
21.0
21.0
21.0
21.0
21.0
21.0
21.0
21.0
21.0
21.0
21.0
21.0
21.0
21.0
21.0
21.0
21.0
21.0
21.0
21.0
21.0
21.0
21.0
21.0
21.0
21.0
21.0
21.0
21.0
21.0
21.0
21.0
21.0
21.0
21.0
21.0
21.0
21.0
21.0
21.0
21.0
21.0
21.0
21.0
21.0
21.0
21.0
21.0
21.0
21.0
21.0
21.0
21.0
21.0
21.0
21.0
21.0
21.0
21.0
21.0
21.0
21.0
21.0
21.0
21.0
21.0
21.0
21.0
21.0
21.0
21.0
21.0
21.0
21.0
21.0
21.0
21.0
21.0
21.0
21.0
23.0
23.0
24.0
24.0
24.0
24.0
24.0
24.0
24.0
24.0
24.0
25.0
28.0
29.0
29.0
30.0
31.0
31.0
31.0
31.0
31.0
32.0
31.0
31.0
31.0
31.0
31.0
32.0
31.0
31.0
31.0
31.0
31.0
31.0
31.0
34.0
34.0
34.0
34.0
34.0
34.0
34.0
34.0
34.0
34.0
34.0
34.0
34.0
34.0
34.0
34.0
34.0
34.0
34.0
34.0
34.0
36.0
36.0
36.0
36.0
36.0
36.0
36.0
36.0
36.0
36.0
36.0
36.0
36.0
36.0
36.0
36.0
36.0
36.0
36.0
36.0
35.0
35.0
33.0
35.0
35.0
35.0
35.0
35.0
35.0
35.0
35.0
35.0
35.0
35.0
35.0
35.0
34.0
32.0
34.0
34.0
32.0
32.0
32.0
32.0
32.0
32.0
35.0
32.0
30.0
30.0
30.0
30.0
30.0
30.0
31.0
33.0
31.0
32.0
31.0
33.0
33.0
33.0
33.0
33.0
33.0
33.0
31.0
33.0
33.0
33.0
33.0
33.0
33.0
33.0
33.0
32.0
35.0
34.0
35.0
35.0
35.0
35.0
35.0
35.0
35.0
35.0
35.0
35.0
34.0
34.0
34.0
34.0
34.0
33.0
31.0
34.0
34.0
33.0
31.0
33.0
33.0
33.0
33.0
33.0
44.0
16.0
14.0
16.0
16.0
16.0
16.0
16.0
16.0
16.0
16.0
17.0
17.0
17.0
17.0
17.0
17.0
17.0
17.0
13.0
13.0
13.0
15.0
15.0
17.0
17.0
17.0
17.0
17.0
17.0
17.0
17.0
17.0
17.0
15.0
15.0
15.0
14.0
15.0
14.0
14.0
15.0
14.0
15.0
14.0
15.0
14.0
15.0
14.0
15.0
14.0
15.0
14.0
15.0
14.0
15.0
14.0
15.0
14.0
15.0
14.0
15.0
15.0
15.0
14.0
15.0
15.0
14.0
15.0
15.0
14.0
15.0
15.0
14.0
15.0
15.0
14.0
17.0
15.0
15.0
15.0
15.0
15.0
15.0
15.0
15.0
14.0
15.0
15.0
17.0
17.0
16.0
16.0
17.0
17.0
17.0
17.0
17.0
18.0
18.0
18.0
19.0
19.0
18.0
19.0
19.0
18.0
19.0
19.0
18.0
19.0
19.0
19.0
18.0
19.0
18.0
19.0
18.0
19.0
18.0
19.0
19.0
18.0
19.0
18.0
19.0
18.0
19.0
18.0
19.0
18.0
19.0
18.0
19.0
18.0
19.0
18.0
18.0
19.0
18.0
17.0
19.0
18.0
17.0
19.0
18.0
17.0
18.0
18.0
18.0
17.0
18.0
18.0
18.0
17.0
18.0
18.0
17.0
18.0
17.0
19.0
18.0
17.0
18.0
17.0
19.0
18.0
17.0
19.0
18.0
15.0
15.0
15.0
15.0
15.0
17.0
19.0
18.0
17.0
19.0
18.0
19.0
18.0
17.0
19.0
18.0
19.0
19.0
18.0
19.0
19.0
18.0
19.0
18.0
19.0
19.0
19.0
18.0
17.0
19.0
19.0
19.0
18.0
17.0
19.0
19.0
19.0
19.0
19.0
18.0
19.0
18.0
17.0
19.0
19.0
18.0
19.0
18.0
18.0
18.0
19.0
18.0
19.0
18.0
19.0
18.0
19.0
18.0
19.0
18.0
19.0
19.0
18.0
17.0
19.0
19.0
19.0
19.0
19.0
17.0
19.0
19.0
19.0
19.0
19.0
19.0
19.0
19.0
19.0
19.0
19.0
19.0
19.0
19.0
19.0
19.0
19.0
20.0
20.0
21.0
20.0
20.0
20.0
15.0
20.0
18.0
17.0
18.0
17.0
20.0
18.0
18.0
16.0
15.0
18.0
15.0
19.0
15.0
15.0
13.0
16.0
18.0
15.0
18.0
15.0
13.0
18.0
15.0
13.0
18.0
15.0
13.0
15.0
17.0
17.0
17.0
17.0
23.0
23.0
26.0
25.0
24.0
21.0
17.0
24.0
24.0
24.0
24.0
24.0
24.0
24.0
24.0
24.0
24.0
24.0
24.0
24.0
24.0
24.0
24.0
24.0
24.0
23.0
19.0
22.0
22.0
22.0
22.0
21.0
22.0
22.0
22.0
19.0
22.0
22.0
22.0
22.0
22.0
22.0
19.0
22.0
22.0
22.0
22.0
22.0
22.0
22.0
21.0
22.0
22.0
22.0
22.0
22.0
22.0
19.0
21.0
23.0
24.0
24.0
24.0
24.0
22.0
19.0
19.0
19.0
20.0
20.0
26.0
27.0
21.0
22.0
23.0
26.0
26.0
25.0
26.0
26.0
26.0
26.0
26.0
26.0
27.0
27.0
27.0
27.0
29.0
30.0
29.0
29.0
29.0
28.0
29.0
27.0
30.0
29.0
29.0
30.0
31.0
30.0
31.0
30.0
31.0
30.0
31.0
21.0
13.0
17.0
17.0
22.0
31.0
32.0
32.0
32.0
32.0
32.0
32.0
32.0
32.0
32.0
32.0
31.0
32.0
31.0
32.0
31.0
33.0
32.0
31.0
33.0
31.0
33.0
32.0
31.0
33.0
31.0
33.0
16.0
32.0
32.0
32.0
32.0
32.0
32.0
32.0
33.0
32.0
34.0
34.0
34.0
34.0
34.0
36.0
38.0
38.0
38.0
38.0
38.0
38.0
38.0
38.0
38.0
39.0
42.0
42.0
42.0
42.0
42.0
42.0
42.0
44.0
47.0
47.0
47.0
47.0
47.0
47.0
47.0
47.0
47.0
47.0
47.0
47.0
47.0
47.0
47.0
47.0
47.0
47.0
47.0
47.0
47.0
47.0
50.0
52.0
53.0
55.0
55.0
55.0
55.0
55.0
55.0
55.0
55.0
55.0
55.0
55.0
55.0
55.0
55.0
55.0
55.0
55.0
55.0
55.0
55.0
55.0
55.0
55.0
55.0
55.0
55.0
55.0
55.0
55.0
55.0
55.0
55.0
55.0
55.0
55.0
55.0
55.0
55.0
55.0
55.0
55.0
55.0
55.0
55.0
55.0
55.0
57.0
59.0
63.0
68.0
76.0
78.0
68.0
68.0
68.0
68.0
68.0
68.0
68.0
68.0
68.0
68.0
68.0
68.0
68.0
68.0
68.0
76.0
79.0
126.0
126.0
134.0
156.0
170.0
168.0
184.0
200.0
200.0
196.0
200.0
202.0
196.0
226.0
232.0
230.0
211.0
235.0
257.0
211.0
211.0
225.0
241.0
225.0
236.0
237.0
225.0
236.0
235.0
269.0
265.0
267.0
265.0
257.0
265.0
285.0
268.0
281.0
273.0
267.0
251.0
287.0
267.0
278.0
271.0
261.0
265.0
274.0
267.0
265.0
265.0
265.0
265.0
281.0
279.0
262.0
275.0
275.0
275.0
287.0
279.0
283.0
290.0
300.0
286.0
258.0
282.0
272.0
266.0
263.0
256.0
274.0
274.0
274.0
264.0
260.0
275.0
264.0
264.0
264.0
266.0
280.0
279.0
296.0
293.0
294.0
306.0
299.0
299.0
299.0
297.0
299.0
280.0
296.0
286.0
299.0
293.0
300.0
288.0
296.0
283.0
299.0
299.0
280.0
299.0
299.0
296.0
296.0
298.0
296.0
293.0
293.0
293.0
296.0
293.0
293.0
295.0
291.0
295.0
292.0
297.0
297.0
289.0
280.0
289.0
293.0
300.0
287.0
285.0
285.0
295.0
306.0
293.0
289.0
300.0
291.0
273.0
297.0
289.0
295.0
300.0
282.0
290.0
292.0
291.0
300.0
295.0
297.0
301.0
299.0
305.0
302.0
295.0
282.0
295.0
305.0
302.0
295.0
295.0
299.0
299.0
289.0
286.0
271.0
288.0
292.0
291.0
301.0
312.0
274.0
301.0
301.0
296.0
300.0
289.0
292.0
288.0
275.0
293.0
275.0
307.0
279.0
289.0
298.0
307.0
312.0
305.0
281.0
301.0
297.0
302.0
304.0
275.0
316.0
297.0
297.0
297.0
297.0
297.0
299.0
299.0
295.0
295.0
281.0
295.0
301.0
292.0
279.0
271.0
271.0
274.0
287.0
294.0
279.0
274.0
294.0
279.0
274.0
294.0
279.0
274.0
285.0
293.0
274.0
285.0
293.0
285.0
293.0
277.0
295.0
293.0
289.0
302.0
307.0
299.0
314.0
322.0
301.0
306.0
328.0
310.0
306.0
324.0
311.0
308.0
305.0
338.0
310.0
324.0
347.0
357.0
320.0
320.0
320.0
320.0
316.0
316.0
316.0
330.0
357.0
316.0
330.0
357.0
316.0
314.0
316.0
314.0
314.0
314.0
314.0
314.0
316.0
341.0
356.0
314.0
314.0
316.0
349.0
403.0
367.0
389.0
337.0
399.0
334.0
386.0
369.0
351.0
371.0
343.0
382.0
328.0
361.0
329.0
329.0
365.0
319.0
339.0
385.0
342.0
375.0
328.0
368.0
342.0
320.0
329.0
373.0
387.0
401.0
354.0
322.0
355.0
355.0
384.0
357.0
373.0
362.0
320.0
418.0
404.0
479.0
418.0
416.0
340.0
428.0
444.0
372.0
415.0
408.0
436.0
433.0
415.0
450.0
415.0
440.0
442.0
422.0
485.0
501.0
463.0
457.0
467.0
457.0
435.0
441.0
438.0
430.0
423.0
422.0
417.0
450.0
459.0
460.0
449.0
454.0
442.0
461.0
461.0
471.0
461.0
433.0
442.0
464.0
461.0
480.0
508.0
487.0
472.0
456.0
478.0
449.0
455.0
450.0
432.0
451.0
444.0
431.0
423.0
401.0
430.0
455.0
456.0
465.0
452.0
436.0
437.0
449.0
466.0
469.0
463.0
459.0
459.0
452.0
459.0
460.0
471.0
468.0
464.0
484.0
470.0
510.0
483.0
452.0
488.0
497.0
469.0
500.0
501.0
514.0
493.0
537.0
544.0
605.0
589.0
591.0
593.0
521.0
656.0
677.0
640.0
630.0
646.0
662.0
662.0
601.0
647.0
649.0
658.0
665.0
652.0
660.0
654.0
681.0
674.0
663.0
701.0
712.0
676.0
611.0
638.0
588.0
521.0
509.0
540.0
540.0
535.0
476.0
666.0
676.0
755.0
655.0
679.0
702.0
730.0
718.0
722.0
699.0
683.0
753.0
755.0
755.0
755.0
755.0
681.0
940.0
904.0
920.0
910.0
921.0
917.0
973.0
941.0
971.0
1007.0
1025.0
999.0
961.0
1012.0
995.0
1009.0
1001.0
970.0
980.0
980.0
974.0
1010.0
1009.0
981.0
1010.0
1072.0
1028.0
1126.0
1167.0
1172.0
1161.0
1159.0
1181.0
1163.0
1236.0
1372.0
1412.0
1377.0
1454.0
1446.0
1483.0
1474.0
1467.0
1495.0
1446.0
1081.0
1009.0
1006.0
1020.0
995.0
989.0
933.0
1012.0
1002.0
1026.0
1032.0
1002.0
1006.0
1051.0
975.0
